x <- 1+1
y <- x + 3
y
